{
 "cells": [
  {
   "cell_type": "markdown",
   "metadata": {},
   "source": [
    "# Correlation Analysis and Pairwise Plots"
   ]
  },
  {
   "cell_type": "code",
   "execution_count": 1,
   "metadata": {},
   "outputs": [],
   "source": [
    "# imports \n",
    "import pandas as pd\n",
    "import numpy as np\n",
    "import datetime\n",
    "import matplotlib.pyplot as plt\n",
    "import xml.etree.ElementTree as ET\n",
    "import os\n",
    "import scipy\n",
    "import glob\n",
    "\n",
    "import seaborn as sns"
   ]
  },
  {
   "cell_type": "code",
   "execution_count": 2,
   "metadata": {},
   "outputs": [],
   "source": [
    "# Function for correlation analysis for the individual models as it prints the subjects ids\n",
    "# takes the dataframe, the class which is considered, the subject_ID, and the correaltion method which can be \n",
    "# either pearson or spearman as input and prints the correlation tables as output \n",
    "def Correaltion_Analysis_indi(df, classes, subject_ID, method = 'pearson'):\n",
    "\n",
    "    if (method == 'pearson'):\n",
    "        correlations = df.corr(method = 'pearson')\n",
    "    else:\n",
    "        correlations = df.corr(method = 'spearman')\n",
    "\n",
    "    print('Chosen Method is', method, \"for class\", classes, \"and subject\", subject_ID, '.')\n",
    "    print(correlations)\n",
    "    return correlations \n",
    "\n",
    "# Function for correlation analysis for the population models \n",
    "# takes the dataframe, the class which is considered, and the correaltion method which can be \n",
    "# either pearson or spearman as input and prints the correlation tables as output \n",
    "def Correaltion_Analysis_pop(df, classes, method = 'pearson'):\n",
    "\n",
    "    if (method == 'pearson'):\n",
    "        correlations = df.corr(method = 'pearson')\n",
    "    else:\n",
    "        correlations = df.corr(method = 'spearman')\n",
    "\n",
    "    print('Chosen Method is', method, \"for class\", classes, '.')\n",
    "    print(correlations)\n",
    "    return correlations "
   ]
  },
  {
   "cell_type": "markdown",
   "metadata": {},
   "source": [
    "## Individual Correlation Results for Pearson and Spearman"
   ]
  },
  {
   "cell_type": "code",
   "execution_count": 7,
   "metadata": {},
   "outputs": [
    {
     "name": "stdout",
     "output_type": "stream",
     "text": [
      "Chosen Method is pearson for class 0 and subject 540 .\n",
      "          glucose     basal     bolus      macc\n",
      "glucose  1.000000  0.048508  0.056369 -0.226349\n",
      "basal    0.048508  1.000000 -0.019755  0.006372\n",
      "bolus    0.056369 -0.019755  1.000000 -0.032977\n",
      "macc    -0.226349  0.006372 -0.032977  1.000000\n",
      "Chosen Method is pearson for class 1 and subject 540 .\n",
      "          glucose     basal     bolus      macc\n",
      "glucose  1.000000  0.034898  0.011249  0.016087\n",
      "basal    0.034898  1.000000 -0.109426 -0.197908\n",
      "bolus    0.011249 -0.109426  1.000000  0.104866\n",
      "macc     0.016087 -0.197908  0.104866  1.000000\n",
      "Chosen Method is pearson for class 2 and subject 540 .\n",
      "          glucose     basal     bolus      macc\n",
      "glucose  1.000000  0.093616 -0.054852 -0.010059\n",
      "basal    0.093616  1.000000 -0.019609 -0.043839\n",
      "bolus   -0.054852 -0.019609  1.000000  0.119683\n",
      "macc    -0.010059 -0.043839  0.119683  1.000000\n",
      "Chosen Method is pearson for class 3 and subject 540 .\n",
      "          glucose     basal     bolus      macc\n",
      "glucose  1.000000  0.077362 -0.001194  0.005986\n",
      "basal    0.077362  1.000000  0.047378 -0.040014\n",
      "bolus   -0.001194  0.047378  1.000000 -0.096620\n",
      "macc     0.005986 -0.040014 -0.096620  1.000000\n",
      "Chosen Method is pearson for class 4 and subject 540 .\n",
      "          glucose     basal     bolus      macc\n",
      "glucose  1.000000  0.115728  0.041109  0.010631\n",
      "basal    0.115728  1.000000 -0.034688 -0.077713\n",
      "bolus    0.041109 -0.034688  1.000000  0.028536\n",
      "macc     0.010631 -0.077713  0.028536  1.000000\n",
      "Chosen Method is pearson for class 5 and subject 540 .\n",
      "          glucose     basal     bolus      macc\n",
      "glucose  1.000000  0.264102 -0.059845 -0.169565\n",
      "basal    0.264102  1.000000  0.104381 -0.012020\n",
      "bolus   -0.059845  0.104381  1.000000  0.032141\n",
      "macc    -0.169565 -0.012020  0.032141  1.000000\n",
      "Chosen Method is pearson for class 6 and subject 540 .\n",
      "          glucose     basal     bolus      macc\n",
      "glucose  1.000000  0.312777  0.029265 -0.021905\n",
      "basal    0.312777  1.000000 -0.014198  0.005666\n",
      "bolus    0.029265 -0.014198  1.000000  0.073774\n",
      "macc    -0.021905  0.005666  0.073774  1.000000\n",
      "Chosen Method is pearson for class 7 and subject 540 .\n",
      "          glucose     basal     bolus      macc\n",
      "glucose  1.000000  0.385589  0.047330 -0.075465\n",
      "basal    0.385589  1.000000 -0.030375 -0.031171\n",
      "bolus    0.047330 -0.030375  1.000000  0.039689\n",
      "macc    -0.075465 -0.031171  0.039689  1.000000\n",
      "Chosen Method is pearson for class 8 and subject 540 .\n",
      "          glucose     basal     bolus      macc\n",
      "glucose  1.000000  0.451056  0.017693 -0.147422\n",
      "basal    0.451056  1.000000  0.038156 -0.089125\n",
      "bolus    0.017693  0.038156  1.000000  0.038863\n",
      "macc    -0.147422 -0.089125  0.038863  1.000000\n",
      "Chosen Method is pearson for class 9 and subject 540 .\n",
      "          glucose     basal     bolus      macc\n",
      "glucose  1.000000  0.475240  0.019972 -0.286801\n",
      "basal    0.475240  1.000000 -0.018262 -0.151193\n",
      "bolus    0.019972 -0.018262  1.000000  0.077007\n",
      "macc    -0.286801 -0.151193  0.077007  1.000000\n",
      "Chosen Method is pearson for class 0 and subject 544 .\n",
      "          glucose     basal     bolus      macc\n",
      "glucose  1.000000 -0.109997  0.109009  0.210586\n",
      "basal   -0.109997  1.000000 -0.187210 -0.044848\n",
      "bolus    0.109009 -0.187210  1.000000  0.097145\n",
      "macc     0.210586 -0.044848  0.097145  1.000000\n",
      "Chosen Method is pearson for class 1 and subject 544 .\n",
      "          glucose     basal     bolus      macc\n",
      "glucose  1.000000 -0.235875 -0.123770 -0.222398\n",
      "basal   -0.235875  1.000000  0.034578 -0.180960\n",
      "bolus   -0.123770  0.034578  1.000000 -0.098902\n",
      "macc    -0.222398 -0.180960 -0.098902  1.000000\n",
      "Chosen Method is pearson for class 2 and subject 544 .\n",
      "          glucose     basal     bolus      macc\n",
      "glucose  1.000000 -0.429771  0.209447 -0.173128\n",
      "basal   -0.429771  1.000000 -0.082645 -0.190926\n",
      "bolus    0.209447 -0.082645  1.000000 -0.057453\n",
      "macc    -0.173128 -0.190926 -0.057453  1.000000\n",
      "Chosen Method is pearson for class 3 and subject 544 .\n",
      "          glucose     basal  bolus      macc\n",
      "glucose  1.000000 -0.610907    NaN -0.055041\n",
      "basal   -0.610907  1.000000    NaN -0.275011\n",
      "bolus         NaN       NaN    NaN       NaN\n",
      "macc    -0.055041 -0.275011    NaN  1.000000\n",
      "Chosen Method is pearson for class 4 and subject 544 .\n",
      "          glucose     basal  bolus      macc\n",
      "glucose  1.000000 -0.360851    NaN  0.043556\n",
      "basal   -0.360851  1.000000    NaN -0.381312\n",
      "bolus         NaN       NaN    NaN       NaN\n",
      "macc     0.043556 -0.381312    NaN  1.000000\n",
      "Chosen Method is pearson for class 5 and subject 544 .\n",
      "          glucose     basal     bolus      macc\n",
      "glucose  1.000000 -0.365469 -0.035259  0.010399\n",
      "basal   -0.365469  1.000000 -0.274457 -0.528287\n",
      "bolus   -0.035259 -0.274457  1.000000  0.279705\n",
      "macc     0.010399 -0.528287  0.279705  1.000000\n",
      "Chosen Method is pearson for class 6 and subject 544 .\n",
      "          glucose     basal     bolus      macc\n",
      "glucose  1.000000  0.203187 -0.074687 -0.193248\n",
      "basal    0.203187  1.000000 -0.142686 -0.535776\n",
      "bolus   -0.074687 -0.142686  1.000000  0.237289\n",
      "macc    -0.193248 -0.535776  0.237289  1.000000\n",
      "Chosen Method is pearson for class 7 and subject 544 .\n",
      "          glucose     basal     bolus      macc\n",
      "glucose  1.000000  0.211467 -0.098784 -0.031776\n",
      "basal    0.211467  1.000000 -0.123568 -0.603568\n",
      "bolus   -0.098784 -0.123568  1.000000 -0.034467\n",
      "macc    -0.031776 -0.603568 -0.034467  1.000000\n",
      "Chosen Method is pearson for class 8 and subject 544 .\n",
      "          glucose     basal     bolus      macc\n",
      "glucose  1.000000  0.057443 -0.097216 -0.129691\n",
      "basal    0.057443  1.000000 -0.035466 -0.321181\n",
      "bolus   -0.097216 -0.035466  1.000000 -0.040804\n",
      "macc    -0.129691 -0.321181 -0.040804  1.000000\n",
      "Chosen Method is pearson for class 9 and subject 544 .\n",
      "          glucose     basal     bolus      macc\n",
      "glucose  1.000000  0.085329 -0.070341 -0.142807\n",
      "basal    0.085329  1.000000 -0.029212 -0.215640\n",
      "bolus   -0.070341 -0.029212  1.000000  0.001401\n",
      "macc    -0.142807 -0.215640  0.001401  1.000000\n",
      "Chosen Method is pearson for class 0 and subject 552 .\n",
      "          glucose     basal     bolus      macc\n",
      "glucose  1.000000  0.030962 -0.015376 -0.010699\n",
      "basal    0.030962  1.000000  0.053503 -0.277180\n",
      "bolus   -0.015376  0.053503  1.000000 -0.002901\n",
      "macc    -0.010699 -0.277180 -0.002901  1.000000\n",
      "Chosen Method is pearson for class 1 and subject 552 .\n",
      "          glucose     basal  bolus      macc\n",
      "glucose  1.000000  0.026845    NaN -0.115676\n",
      "basal    0.026845  1.000000    NaN -0.232064\n",
      "bolus         NaN       NaN    NaN       NaN\n",
      "macc    -0.115676 -0.232064    NaN  1.000000\n",
      "Chosen Method is pearson for class 2 and subject 552 .\n",
      "          glucose     basal  bolus      macc\n",
      "glucose  1.000000 -0.044260    NaN -0.154772\n",
      "basal   -0.044260  1.000000    NaN -0.146723\n",
      "bolus         NaN       NaN    NaN       NaN\n",
      "macc    -0.154772 -0.146723    NaN  1.000000\n",
      "Chosen Method is pearson for class 3 and subject 552 .\n",
      "          glucose     basal  bolus      macc\n",
      "glucose  1.000000  0.055283    NaN -0.207378\n",
      "basal    0.055283  1.000000    NaN -0.004297\n",
      "bolus         NaN       NaN    NaN       NaN\n",
      "macc    -0.207378 -0.004297    NaN  1.000000\n",
      "Chosen Method is pearson for class 4 and subject 552 .\n",
      "          glucose     basal     bolus      macc\n",
      "glucose  1.000000  0.130034  0.037734  0.036203\n",
      "basal    0.130034  1.000000 -0.165313  0.358564\n",
      "bolus    0.037734 -0.165313  1.000000 -0.150013\n",
      "macc     0.036203  0.358564 -0.150013  1.000000\n",
      "Chosen Method is pearson for class 5 and subject 552 .\n",
      "          glucose     basal     bolus      macc\n",
      "glucose  1.000000  0.241069  0.011824  0.068532\n",
      "basal    0.241069  1.000000  0.045174 -0.117571\n",
      "bolus    0.011824  0.045174  1.000000  0.022013\n",
      "macc     0.068532 -0.117571  0.022013  1.000000\n",
      "Chosen Method is pearson for class 6 and subject 552 .\n",
      "          glucose     basal     bolus      macc\n",
      "glucose  1.000000  0.033958 -0.018296 -0.075229\n",
      "basal    0.033958  1.000000  0.050679 -0.134547\n",
      "bolus   -0.018296  0.050679  1.000000 -0.072832\n",
      "macc    -0.075229 -0.134547 -0.072832  1.000000\n",
      "Chosen Method is pearson for class 7 and subject 552 .\n",
      "          glucose     basal     bolus      macc\n",
      "glucose  1.000000  0.001258  0.019974 -0.314911\n",
      "basal    0.001258  1.000000  0.030565  0.032363\n",
      "bolus    0.019974  0.030565  1.000000 -0.018844\n",
      "macc    -0.314911  0.032363 -0.018844  1.000000\n",
      "Chosen Method is pearson for class 8 and subject 552 .\n",
      "          glucose     basal     bolus      macc\n",
      "glucose  1.000000  0.111799  0.070741 -0.094504\n",
      "basal    0.111799  1.000000  0.019250  0.093651\n",
      "bolus    0.070741  0.019250  1.000000 -0.022258\n",
      "macc    -0.094504  0.093651 -0.022258  1.000000\n",
      "Chosen Method is pearson for class 9 and subject 552 .\n",
      "          glucose     basal     bolus      macc\n",
      "glucose  1.000000  0.126717  0.024661  0.143102\n",
      "basal    0.126717  1.000000  0.008612 -0.184125\n",
      "bolus    0.024661  0.008612  1.000000 -0.035279\n",
      "macc     0.143102 -0.184125 -0.035279  1.000000\n",
      "Chosen Method is pearson for class 0 and subject 559 .\n",
      "          glucose     basal     bolus      macc\n",
      "glucose  1.000000  0.495289  0.042489 -0.024440\n",
      "basal    0.495289  1.000000  0.072419 -0.056639\n",
      "bolus    0.042489  0.072419  1.000000 -0.005110\n",
      "macc    -0.024440 -0.056639 -0.005110  1.000000\n",
      "Chosen Method is pearson for class 1 and subject 559 .\n",
      "          glucose     basal  bolus      macc\n",
      "glucose  1.000000 -0.061149    NaN -0.018146\n",
      "basal   -0.061149  1.000000    NaN -0.084616\n",
      "bolus         NaN       NaN    NaN       NaN\n",
      "macc    -0.018146 -0.084616    NaN  1.000000\n",
      "Chosen Method is pearson for class 2 and subject 559 .\n",
      "          glucose     basal  bolus      macc\n",
      "glucose  1.000000  0.120442    NaN  0.134783\n",
      "basal    0.120442  1.000000    NaN  0.009362\n",
      "bolus         NaN       NaN    NaN       NaN\n",
      "macc     0.134783  0.009362    NaN  1.000000\n",
      "Chosen Method is pearson for class 3 and subject 559 .\n",
      "          glucose     basal  bolus      macc\n",
      "glucose  1.000000  0.070407    NaN  0.091925\n",
      "basal    0.070407  1.000000    NaN -0.056870\n",
      "bolus         NaN       NaN    NaN       NaN\n",
      "macc     0.091925 -0.056870    NaN  1.000000\n",
      "Chosen Method is pearson for class 4 and subject 559 .\n",
      "          glucose     basal     bolus      macc\n",
      "glucose  1.000000  0.101612 -0.014122 -0.041153\n",
      "basal    0.101612  1.000000 -0.043113  0.014936\n",
      "bolus   -0.014122 -0.043113  1.000000 -0.030924\n",
      "macc    -0.041153  0.014936 -0.030924  1.000000\n",
      "Chosen Method is pearson for class 5 and subject 559 .\n",
      "          glucose     basal     bolus      macc\n",
      "glucose  1.000000  0.293245  0.051026 -0.017851\n",
      "basal    0.293245  1.000000  0.019717 -0.033283\n",
      "bolus    0.051026  0.019717  1.000000  0.070616\n",
      "macc    -0.017851 -0.033283  0.070616  1.000000\n",
      "Chosen Method is pearson for class 6 and subject 559 .\n",
      "          glucose     basal     bolus      macc\n",
      "glucose  1.000000  0.086108  0.046284  0.012453\n",
      "basal    0.086108  1.000000  0.023947 -0.030853\n",
      "bolus    0.046284  0.023947  1.000000  0.003158\n",
      "macc     0.012453 -0.030853  0.003158  1.000000\n",
      "Chosen Method is pearson for class 7 and subject 559 .\n",
      "          glucose     basal     bolus      macc\n",
      "glucose  1.000000  0.024052  0.026427  0.028677\n",
      "basal    0.024052  1.000000 -0.023980 -0.045906\n",
      "bolus    0.026427 -0.023980  1.000000  0.017823\n",
      "macc     0.028677 -0.045906  0.017823  1.000000\n",
      "Chosen Method is pearson for class 8 and subject 559 .\n",
      "          glucose     basal     bolus      macc\n",
      "glucose  1.000000  0.064522  0.048458  0.003255\n",
      "basal    0.064522  1.000000 -0.008391 -0.026197\n",
      "bolus    0.048458 -0.008391  1.000000  0.002487\n",
      "macc     0.003255 -0.026197  0.002487  1.000000\n",
      "Chosen Method is pearson for class 9 and subject 559 .\n",
      "          glucose     basal     bolus      macc\n",
      "glucose  1.000000  0.143497  0.042360 -0.043183\n",
      "basal    0.143497  1.000000 -0.011966 -0.028255\n",
      "bolus    0.042360 -0.011966  1.000000 -0.004283\n",
      "macc    -0.043183 -0.028255 -0.004283  1.000000\n",
      "Chosen Method is pearson for class 0 and subject 563 .\n",
      "          glucose     basal     bolus      macc\n",
      "glucose  1.000000 -0.066596 -0.107676 -0.052725\n",
      "basal   -0.066596  1.000000 -0.023579  0.004739\n",
      "bolus   -0.107676 -0.023579  1.000000  0.046204\n",
      "macc    -0.052725  0.004739  0.046204  1.000000\n",
      "Chosen Method is pearson for class 1 and subject 563 .\n",
      "          glucose     basal     bolus      macc\n",
      "glucose  1.000000  0.084837 -0.019125 -0.124268\n",
      "basal    0.084837  1.000000 -0.033924  0.097202\n",
      "bolus   -0.019125 -0.033924  1.000000 -0.051178\n",
      "macc    -0.124268  0.097202 -0.051178  1.000000\n",
      "Chosen Method is pearson for class 2 and subject 563 .\n",
      "          glucose     basal  bolus      macc\n",
      "glucose  1.000000  0.083974    NaN  0.173958\n",
      "basal    0.083974  1.000000    NaN  0.109622\n",
      "bolus         NaN       NaN    NaN       NaN\n",
      "macc     0.173958  0.109622    NaN  1.000000\n",
      "Chosen Method is pearson for class 3 and subject 563 .\n",
      "          glucose     basal     bolus      macc\n",
      "glucose  1.000000  0.036047 -0.012804  0.004759\n",
      "basal    0.036047  1.000000  0.327499  0.170288\n",
      "bolus   -0.012804  0.327499  1.000000  0.091632\n",
      "macc     0.004759  0.170288  0.091632  1.000000\n",
      "Chosen Method is pearson for class 4 and subject 563 .\n",
      "          glucose     basal     bolus      macc\n",
      "glucose  1.000000 -0.016013  0.084491 -0.036089\n",
      "basal   -0.016013  1.000000 -0.003667 -0.025415\n",
      "bolus    0.084491 -0.003667  1.000000 -0.017619\n",
      "macc    -0.036089 -0.025415 -0.017619  1.000000\n",
      "Chosen Method is pearson for class 5 and subject 563 .\n",
      "          glucose     basal     bolus      macc\n",
      "glucose  1.000000  0.095559  0.076674 -0.028437\n",
      "basal    0.095559  1.000000 -0.030174 -0.076232\n",
      "bolus    0.076674 -0.030174  1.000000 -0.063425\n",
      "macc    -0.028437 -0.076232 -0.063425  1.000000\n",
      "Chosen Method is pearson for class 6 and subject 563 .\n",
      "          glucose     basal     bolus      macc\n",
      "glucose  1.000000  0.273882  0.079423 -0.059994\n",
      "basal    0.273882  1.000000  0.031568  0.003588\n",
      "bolus    0.079423  0.031568  1.000000 -0.058588\n",
      "macc    -0.059994  0.003588 -0.058588  1.000000\n",
      "Chosen Method is pearson for class 7 and subject 563 .\n",
      "          glucose     basal     bolus      macc\n",
      "glucose  1.000000  0.298672  0.103374 -0.099478\n",
      "basal    0.298672  1.000000 -0.008175 -0.013662\n",
      "bolus    0.103374 -0.008175  1.000000 -0.002918\n",
      "macc    -0.099478 -0.013662 -0.002918  1.000000\n",
      "Chosen Method is pearson for class 8 and subject 563 .\n",
      "          glucose     basal     bolus      macc\n",
      "glucose  1.000000  0.081903  0.071524 -0.061714\n",
      "basal    0.081903  1.000000 -0.025298  0.024128\n",
      "bolus    0.071524 -0.025298  1.000000 -0.051808\n",
      "macc    -0.061714  0.024128 -0.051808  1.000000\n",
      "Chosen Method is pearson for class 9 and subject 563 .\n",
      "          glucose     basal     bolus      macc\n",
      "glucose  1.000000  0.032537  0.071982 -0.019434\n",
      "basal    0.032537  1.000000 -0.011190 -0.027956\n",
      "bolus    0.071982 -0.011190  1.000000 -0.025839\n",
      "macc    -0.019434 -0.027956 -0.025839  1.000000\n",
      "Chosen Method is pearson for class 0 and subject 567 .\n",
      "          glucose     basal     bolus      macc\n",
      "glucose  1.000000 -0.233741  0.029047 -0.097640\n",
      "basal   -0.233741  1.000000  0.006312 -0.022315\n",
      "bolus    0.029047  0.006312  1.000000  0.008416\n",
      "macc    -0.097640 -0.022315  0.008416  1.000000\n",
      "Chosen Method is pearson for class 1 and subject 567 .\n",
      "          glucose     basal  bolus      macc\n",
      "glucose  1.000000  0.096795    NaN -0.019661\n",
      "basal    0.096795  1.000000    NaN -0.035690\n",
      "bolus         NaN       NaN    NaN       NaN\n",
      "macc    -0.019661 -0.035690    NaN  1.000000\n",
      "Chosen Method is pearson for class 2 and subject 567 .\n",
      "          glucose     basal  bolus      macc\n",
      "glucose  1.000000  0.044902    NaN -0.127170\n",
      "basal    0.044902  1.000000    NaN -0.202098\n",
      "bolus         NaN       NaN    NaN       NaN\n",
      "macc    -0.127170 -0.202098    NaN  1.000000\n",
      "Chosen Method is pearson for class 3 and subject 567 .\n",
      "          glucose     basal     bolus      macc\n",
      "glucose  1.000000  0.116980  0.155345 -0.022665\n",
      "basal    0.116980  1.000000 -0.078872  0.163616\n",
      "bolus    0.155345 -0.078872  1.000000 -0.069799\n",
      "macc    -0.022665  0.163616 -0.069799  1.000000\n",
      "Chosen Method is pearson for class 4 and subject 567 .\n",
      "          glucose     basal     bolus      macc\n",
      "glucose  1.000000  0.361872 -0.057998  0.047010\n",
      "basal    0.361872  1.000000 -0.122357 -0.175349\n",
      "bolus   -0.057998 -0.122357  1.000000 -0.072475\n",
      "macc     0.047010 -0.175349 -0.072475  1.000000\n",
      "Chosen Method is pearson for class 5 and subject 567 .\n",
      "          glucose     basal     bolus      macc\n",
      "glucose  1.000000  0.073814  0.051815  0.087259\n",
      "basal    0.073814  1.000000  0.018128 -0.125324\n",
      "bolus    0.051815  0.018128  1.000000  0.029963\n",
      "macc     0.087259 -0.125324  0.029963  1.000000\n",
      "Chosen Method is pearson for class 6 and subject 567 .\n",
      "          glucose     basal     bolus      macc\n",
      "glucose  1.000000 -0.293358  0.096098 -0.145452\n",
      "basal   -0.293358  1.000000  0.007675  0.188132\n",
      "bolus    0.096098  0.007675  1.000000 -0.000250\n",
      "macc    -0.145452  0.188132 -0.000250  1.000000\n",
      "Chosen Method is pearson for class 7 and subject 567 .\n",
      "          glucose     basal     bolus      macc\n",
      "glucose  1.000000  0.002022  0.123451  0.067074\n",
      "basal    0.002022  1.000000  0.023031 -0.178198\n",
      "bolus    0.123451  0.023031  1.000000  0.024027\n",
      "macc     0.067074 -0.178198  0.024027  1.000000\n",
      "Chosen Method is pearson for class 8 and subject 567 .\n",
      "          glucose     basal     bolus      macc\n",
      "glucose  1.000000  0.179943  0.068578  0.149596\n",
      "basal    0.179943  1.000000  0.004426  0.006040\n",
      "bolus    0.068578  0.004426  1.000000 -0.028662\n",
      "macc     0.149596  0.006040 -0.028662  1.000000\n",
      "Chosen Method is pearson for class 9 and subject 567 .\n",
      "          glucose     basal     bolus      macc\n",
      "glucose  1.000000 -0.172435  0.077701  0.015356\n",
      "basal   -0.172435  1.000000 -0.021013  0.022197\n",
      "bolus    0.077701 -0.021013  1.000000 -0.019237\n",
      "macc     0.015356  0.022197 -0.019237  1.000000\n",
      "Chosen Method is pearson for class 0 and subject 570 .\n",
      "          glucose     basal     bolus      macc\n",
      "glucose  1.000000 -0.142705  0.085180  0.078877\n",
      "basal   -0.142705  1.000000  0.039650  0.006557\n",
      "bolus    0.085180  0.039650  1.000000 -0.045143\n",
      "macc     0.078877  0.006557 -0.045143  1.000000\n",
      "Chosen Method is pearson for class 1 and subject 570 .\n",
      "          glucose     basal     bolus      macc\n",
      "glucose  1.000000  0.310828 -0.086831 -0.186309\n",
      "basal    0.310828  1.000000 -0.033912 -0.134591\n",
      "bolus   -0.086831 -0.033912  1.000000  0.224419\n",
      "macc    -0.186309 -0.134591  0.224419  1.000000\n",
      "Chosen Method is pearson for class 2 and subject 570 .\n",
      "          glucose     basal     bolus      macc\n",
      "glucose  1.000000  0.546837 -0.038702  0.247481\n",
      "basal    0.546837  1.000000 -0.015212  0.063766\n",
      "bolus   -0.038702 -0.015212  1.000000 -0.105197\n",
      "macc     0.247481  0.063766 -0.105197  1.000000\n",
      "Chosen Method is pearson for class 3 and subject 570 .\n",
      "          glucose     basal     bolus      macc\n",
      "glucose  1.000000  0.150974  0.068835  0.078093\n",
      "basal    0.150974  1.000000 -0.033405 -0.036748\n",
      "bolus    0.068835 -0.033405  1.000000  0.005947\n",
      "macc     0.078093 -0.036748  0.005947  1.000000\n",
      "Chosen Method is pearson for class 4 and subject 570 .\n",
      "          glucose     basal     bolus      macc\n",
      "glucose  1.000000 -0.145171  0.067316  0.051028\n",
      "basal   -0.145171  1.000000 -0.056120  0.004814\n",
      "bolus    0.067316 -0.056120  1.000000 -0.070761\n",
      "macc     0.051028  0.004814 -0.070761  1.000000\n",
      "Chosen Method is pearson for class 5 and subject 570 .\n",
      "          glucose     basal     bolus      macc\n",
      "glucose  1.000000  0.326603  0.015706  0.066508\n",
      "basal    0.326603  1.000000  0.369135  0.007689\n",
      "bolus    0.015706  0.369135  1.000000  0.005940\n",
      "macc     0.066508  0.007689  0.005940  1.000000\n",
      "Chosen Method is pearson for class 6 and subject 570 .\n",
      "          glucose     basal     bolus      macc\n",
      "glucose  1.000000  0.402550 -0.035041  0.107082\n",
      "basal    0.402550  1.000000  0.054745  0.037045\n",
      "bolus   -0.035041  0.054745  1.000000  0.017350\n",
      "macc     0.107082  0.037045  0.017350  1.000000\n",
      "Chosen Method is pearson for class 7 and subject 570 .\n",
      "          glucose     basal     bolus      macc\n",
      "glucose  1.000000  0.336525  0.140044 -0.105149\n",
      "basal    0.336525  1.000000  0.183891 -0.083363\n",
      "bolus    0.140044  0.183891  1.000000 -0.119744\n",
      "macc    -0.105149 -0.083363 -0.119744  1.000000\n",
      "Chosen Method is pearson for class 8 and subject 570 .\n",
      "          glucose     basal     bolus      macc\n",
      "glucose  1.000000 -0.021891 -0.044875  0.069909\n",
      "basal   -0.021891  1.000000 -0.013774 -0.063416\n",
      "bolus   -0.044875 -0.013774  1.000000 -0.014805\n",
      "macc     0.069909 -0.063416 -0.014805  1.000000\n",
      "Chosen Method is pearson for class 9 and subject 570 .\n",
      "          glucose     basal     bolus      macc\n",
      "glucose  1.000000  0.235750  0.039178 -0.081085\n",
      "basal    0.235750  1.000000  0.047283 -0.000089\n",
      "bolus    0.039178  0.047283  1.000000 -0.009767\n",
      "macc    -0.081085 -0.000089 -0.009767  1.000000\n",
      "Chosen Method is pearson for class 0 and subject 575 .\n",
      "          glucose     basal     bolus      macc\n",
      "glucose  1.000000  0.115559 -0.018951 -0.018834\n",
      "basal    0.115559  1.000000  0.000974  0.012678\n",
      "bolus   -0.018951  0.000974  1.000000  0.014278\n",
      "macc    -0.018834  0.012678  0.014278  1.000000\n",
      "Chosen Method is pearson for class 1 and subject 575 .\n",
      "          glucose     basal     bolus      macc\n",
      "glucose  1.000000  0.024750 -0.010207  0.019469\n",
      "basal    0.024750  1.000000 -0.023577  0.012374\n",
      "bolus   -0.010207 -0.023577  1.000000  0.011125\n",
      "macc     0.019469  0.012374  0.011125  1.000000\n",
      "Chosen Method is pearson for class 2 and subject 575 .\n",
      "          glucose     basal  bolus      macc\n",
      "glucose  1.000000  0.116644    NaN -0.068461\n",
      "basal    0.116644  1.000000    NaN -0.003330\n",
      "bolus         NaN       NaN    NaN       NaN\n",
      "macc    -0.068461 -0.003330    NaN  1.000000\n",
      "Chosen Method is pearson for class 3 and subject 575 .\n",
      "          glucose     basal     bolus      macc\n",
      "glucose  1.000000  0.097050 -0.041512  0.021847\n",
      "basal    0.097050  1.000000  0.020925  0.004711\n",
      "bolus   -0.041512  0.020925  1.000000 -0.022582\n",
      "macc     0.021847  0.004711 -0.022582  1.000000\n",
      "Chosen Method is pearson for class 4 and subject 575 .\n",
      "          glucose     basal     bolus      macc\n",
      "glucose  1.000000  0.036126 -0.027486  0.042515\n",
      "basal    0.036126  1.000000  0.032890  0.022468\n",
      "bolus   -0.027486  0.032890  1.000000 -0.036664\n",
      "macc     0.042515  0.022468 -0.036664  1.000000\n",
      "Chosen Method is pearson for class 5 and subject 575 .\n",
      "          glucose     basal     bolus      macc\n",
      "glucose  1.000000  0.007792  0.021187  0.030650\n",
      "basal    0.007792  1.000000  0.013028  0.046742\n",
      "bolus    0.021187  0.013028  1.000000  0.025917\n",
      "macc     0.030650  0.046742  0.025917  1.000000\n",
      "Chosen Method is pearson for class 6 and subject 575 .\n",
      "          glucose     basal     bolus      macc\n",
      "glucose  1.000000 -0.167870  0.001609  0.045364\n",
      "basal   -0.167870  1.000000 -0.040359 -0.069419\n",
      "bolus    0.001609 -0.040359  1.000000 -0.025967\n",
      "macc     0.045364 -0.069419 -0.025967  1.000000\n",
      "Chosen Method is pearson for class 7 and subject 575 .\n",
      "          glucose     basal     bolus      macc\n",
      "glucose  1.000000 -0.272650  0.013984  0.001914\n",
      "basal   -0.272650  1.000000 -0.034622 -0.126679\n",
      "bolus    0.013984 -0.034622  1.000000  0.023366\n",
      "macc     0.001914 -0.126679  0.023366  1.000000\n",
      "Chosen Method is pearson for class 8 and subject 575 .\n",
      "          glucose     basal     bolus      macc\n",
      "glucose  1.000000  0.029347  0.065228 -0.002463\n",
      "basal    0.029347  1.000000 -0.030037 -0.004299\n",
      "bolus    0.065228 -0.030037  1.000000 -0.006312\n",
      "macc    -0.002463 -0.004299 -0.006312  1.000000\n",
      "Chosen Method is pearson for class 9 and subject 575 .\n",
      "          glucose     basal     bolus      macc\n",
      "glucose  1.000000 -0.143960  0.042840 -0.003033\n",
      "basal   -0.143960  1.000000 -0.037945 -0.164293\n",
      "bolus    0.042840 -0.037945  1.000000 -0.005540\n",
      "macc    -0.003033 -0.164293 -0.005540  1.000000\n",
      "Chosen Method is pearson for class 0 and subject 584 .\n",
      "          glucose     basal  bolus      macc\n",
      "glucose  1.000000  0.528384    NaN -0.014134\n",
      "basal    0.528384  1.000000    NaN -0.175634\n",
      "bolus         NaN       NaN    NaN       NaN\n",
      "macc    -0.014134 -0.175634    NaN  1.000000\n",
      "Chosen Method is pearson for class 1 and subject 584 .\n",
      "          glucose     basal  bolus      macc\n",
      "glucose  1.000000 -0.106534    NaN  0.024529\n",
      "basal   -0.106534  1.000000    NaN -0.096699\n",
      "bolus         NaN       NaN    NaN       NaN\n",
      "macc     0.024529 -0.096699    NaN  1.000000\n",
      "Chosen Method is pearson for class 2 and subject 584 .\n",
      "          glucose     basal  bolus      macc\n",
      "glucose  1.000000 -0.215794    NaN  0.329713\n",
      "basal   -0.215794  1.000000    NaN -0.127455\n",
      "bolus         NaN       NaN    NaN       NaN\n",
      "macc     0.329713 -0.127455    NaN  1.000000\n",
      "Chosen Method is pearson for class 3 and subject 584 .\n",
      "          glucose     basal     bolus      macc\n",
      "glucose  1.000000 -0.359236  0.022696  0.242429\n",
      "basal   -0.359236  1.000000  0.045989 -0.166467\n",
      "bolus    0.022696  0.045989  1.000000  0.047382\n",
      "macc     0.242429 -0.166467  0.047382  1.000000\n",
      "Chosen Method is pearson for class 4 and subject 584 .\n",
      "          glucose     basal     bolus      macc\n",
      "glucose  1.000000 -0.590053 -0.007853  0.125602\n",
      "basal   -0.590053  1.000000  0.025973 -0.115996\n",
      "bolus   -0.007853  0.025973  1.000000  0.007090\n",
      "macc     0.125602 -0.115996  0.007090  1.000000\n",
      "Chosen Method is pearson for class 5 and subject 584 .\n",
      "          glucose     basal     bolus      macc\n",
      "glucose  1.000000 -0.627749  0.122411  0.265558\n",
      "basal   -0.627749  1.000000 -0.049599 -0.276673\n",
      "bolus    0.122411 -0.049599  1.000000  0.084555\n",
      "macc     0.265558 -0.276673  0.084555  1.000000\n",
      "Chosen Method is pearson for class 6 and subject 584 .\n",
      "          glucose     basal     bolus      macc\n",
      "glucose  1.000000  0.127800  0.110169  0.169037\n",
      "basal    0.127800  1.000000  0.008066 -0.079286\n",
      "bolus    0.110169  0.008066  1.000000  0.059923\n",
      "macc     0.169037 -0.079286  0.059923  1.000000\n",
      "Chosen Method is pearson for class 7 and subject 584 .\n",
      "          glucose     basal     bolus      macc\n",
      "glucose  1.000000  0.187476  0.089396 -0.041203\n",
      "basal    0.187476  1.000000  0.004994  0.072661\n",
      "bolus    0.089396  0.004994  1.000000  0.003485\n",
      "macc    -0.041203  0.072661  0.003485  1.000000\n",
      "Chosen Method is pearson for class 8 and subject 584 .\n",
      "          glucose     basal     bolus      macc\n",
      "glucose  1.000000 -0.156080  0.030707 -0.127921\n",
      "basal   -0.156080  1.000000 -0.005440 -0.059901\n",
      "bolus    0.030707 -0.005440  1.000000 -0.026369\n",
      "macc    -0.127921 -0.059901 -0.026369  1.000000\n",
      "Chosen Method is pearson for class 9 and subject 584 .\n",
      "          glucose     basal     bolus      macc\n",
      "glucose  1.000000  0.104689  0.038702 -0.112818\n",
      "basal    0.104689  1.000000  0.016952  0.008264\n",
      "bolus    0.038702  0.016952  1.000000 -0.043668\n",
      "macc    -0.112818  0.008264 -0.043668  1.000000\n",
      "Chosen Method is pearson for class 0 and subject 588 .\n",
      "          glucose     basal     bolus      macc\n",
      "glucose  1.000000  0.287098  0.011315  0.056326\n",
      "basal    0.287098  1.000000 -0.078593 -0.123005\n",
      "bolus    0.011315 -0.078593  1.000000 -0.007430\n",
      "macc     0.056326 -0.123005 -0.007430  1.000000\n",
      "Chosen Method is pearson for class 1 and subject 588 .\n",
      "          glucose     basal     bolus      macc\n",
      "glucose  1.000000 -0.152713 -0.093572 -0.025194\n",
      "basal   -0.152713  1.000000  0.029925 -0.211800\n",
      "bolus   -0.093572  0.029925  1.000000 -0.012745\n",
      "macc    -0.025194 -0.211800 -0.012745  1.000000\n",
      "Chosen Method is pearson for class 2 and subject 588 .\n",
      "          glucose     basal  bolus      macc\n",
      "glucose  1.000000  0.116499    NaN -0.025485\n",
      "basal    0.116499  1.000000    NaN -0.105332\n",
      "bolus         NaN       NaN    NaN       NaN\n",
      "macc    -0.025485 -0.105332    NaN  1.000000\n",
      "Chosen Method is pearson for class 3 and subject 588 .\n",
      "          glucose     basal     bolus      macc\n",
      "glucose  1.000000  0.204765  0.187761  0.053288\n",
      "basal    0.204765  1.000000  0.005513 -0.252444\n",
      "bolus    0.187761  0.005513  1.000000 -0.022704\n",
      "macc     0.053288 -0.252444 -0.022704  1.000000\n",
      "Chosen Method is pearson for class 4 and subject 588 .\n",
      "          glucose     basal     bolus      macc\n",
      "glucose  1.000000  0.203677 -0.082551 -0.021569\n",
      "basal    0.203677  1.000000  0.042549 -0.317315\n",
      "bolus   -0.082551  0.042549  1.000000 -0.043002\n",
      "macc    -0.021569 -0.317315 -0.043002  1.000000\n",
      "Chosen Method is pearson for class 5 and subject 588 .\n",
      "          glucose     basal     bolus      macc\n",
      "glucose  1.000000 -0.193107 -0.027284  0.065794\n",
      "basal   -0.193107  1.000000 -0.005637 -0.581492\n",
      "bolus   -0.027284 -0.005637  1.000000 -0.010382\n",
      "macc     0.065794 -0.581492 -0.010382  1.000000\n",
      "Chosen Method is pearson for class 6 and subject 588 .\n",
      "          glucose     basal     bolus      macc\n",
      "glucose  1.000000  0.041145 -0.005534  0.056466\n",
      "basal    0.041145  1.000000 -0.002398 -0.258001\n",
      "bolus   -0.005534 -0.002398  1.000000  0.012884\n",
      "macc     0.056466 -0.258001  0.012884  1.000000\n",
      "Chosen Method is pearson for class 7 and subject 588 .\n",
      "          glucose     basal     bolus      macc\n",
      "glucose  1.000000  0.051963  0.048451  0.000091\n",
      "basal    0.051963  1.000000  0.034079 -0.669507\n",
      "bolus    0.048451  0.034079  1.000000 -0.014045\n",
      "macc     0.000091 -0.669507 -0.014045  1.000000\n",
      "Chosen Method is pearson for class 8 and subject 588 .\n",
      "          glucose     basal     bolus      macc\n",
      "glucose  1.000000  0.084614 -0.014371 -0.036424\n",
      "basal    0.084614  1.000000  0.005038 -0.751663\n",
      "bolus   -0.014371  0.005038  1.000000  0.004685\n",
      "macc    -0.036424 -0.751663  0.004685  1.000000\n",
      "Chosen Method is pearson for class 9 and subject 588 .\n",
      "          glucose     basal     bolus      macc\n",
      "glucose  1.000000 -0.009946 -0.023343  0.018800\n",
      "basal   -0.009946  1.000000  0.017602 -0.047623\n",
      "bolus   -0.023343  0.017602  1.000000 -0.002655\n",
      "macc     0.018800 -0.047623 -0.002655  1.000000\n",
      "Chosen Method is pearson for class 0 and subject 591 .\n",
      "          glucose     basal     bolus      macc\n",
      "glucose  1.000000  0.200795  0.005544  0.140241\n",
      "basal    0.200795  1.000000  0.049664 -0.112979\n",
      "bolus    0.005544  0.049664  1.000000  0.027031\n",
      "macc     0.140241 -0.112979  0.027031  1.000000\n",
      "Chosen Method is pearson for class 1 and subject 591 .\n",
      "          glucose     basal     bolus      macc\n",
      "glucose  1.000000  0.065940 -0.023415 -0.091327\n",
      "basal    0.065940  1.000000  0.024333 -0.190266\n",
      "bolus   -0.023415  0.024333  1.000000  0.027055\n",
      "macc    -0.091327 -0.190266  0.027055  1.000000\n",
      "Chosen Method is pearson for class 2 and subject 591 .\n",
      "          glucose     basal     bolus      macc\n",
      "glucose  1.000000  0.045264  0.017006 -0.120111\n",
      "basal    0.045264  1.000000  0.038688 -0.296061\n",
      "bolus    0.017006  0.038688  1.000000 -0.049040\n",
      "macc    -0.120111 -0.296061 -0.049040  1.000000\n",
      "Chosen Method is pearson for class 3 and subject 591 .\n",
      "          glucose     basal     bolus      macc\n",
      "glucose  1.000000  0.063196  0.023286 -0.078274\n",
      "basal    0.063196  1.000000  0.030632 -0.304786\n",
      "bolus    0.023286  0.030632  1.000000 -0.024812\n",
      "macc    -0.078274 -0.304786 -0.024812  1.000000\n",
      "Chosen Method is pearson for class 4 and subject 591 .\n",
      "          glucose     basal     bolus      macc\n",
      "glucose  1.000000  0.076822  0.068738 -0.071370\n",
      "basal    0.076822  1.000000  0.024233 -0.348615\n",
